TITLE SPACE-INVADERS
.MODEL SMALL
.STACK 100H
.DATA
ALIEN1  DB 0,0,0,0,1,1,0,0,0,0,0,0,0,0,0,0,1,1,0,0,0,0
		    DB 0,0,0,0,1,1,0,0,0,0,0,0,0,0,0,0,1,1,0,0,0,0
		    DB 0,0,0,0,1,1,0,0,0,0,0,0,0,0,0,0,1,1,0,0,0,0
		    DB 0,0,0,0,1,1,0,0,0,0,0,0,0,0,0,0,1,1,0,0,0,0
        DB 0,0,0,0,0,0,1,1,0,0,0,0,0,0,1,1,0,0,0,0,0,0
        DB 0,0,0,0,0,0,1,1,0,0,0,0,0,0,1,1,0,0,0,0,0,0
        DB 0,0,0,0,1,1,1,1,1,1,1,1,1,1,1,1,1,1,0,0,0,0
        DB 0,0,0,0,1,1,1,1,1,1,1,1,1,1,1,1,1,1,0,0,0,0
        DB 0,0,1,1,1,1,0,0,1,1,1,1,1,1,0,0,1,1,1,1,0,0
        DB 0,0,1,1,1,1,0,0,1,1,1,1,1,1,0,0,1,1,1,1,0,0
        DB 1,1,1,1,1,1,1,1,1,1,1,1,1,1,1,1,1,1,1,1,1,1
        DB 1,1,1,1,1,1,1,1,1,1,1,1,1,1,1,1,1,1,1,1,1,1
        DB 1,1,0,0,1,1,1,1,1,1,1,1,1,1,1,1,1,1,0,0,1,1
        DB 1,1,0,0,1,1,1,1,1,1,1,1,1,1,1,1,1,1,0,0,1,1
        DB 1,1,0,0,1,1,1,1,1,1,1,1,1,1,1,1,1,1,0,0,1,1
        DB 1,1,0,0,1,1,0,0,0,0,0,0,0,0,0,0,1,1,0,0,1,1
        DB 1,1,0,0,1,1,0,0,0,0,0,0,0,0,0,0,1,1,0,0,1,1
        DB 0,0,0,0,0,0,1,1,1,1,0,1,1,1,1,1,0,0,0,0,0,0
        DB 0,0,0,0,0,0,1,1,1,1,0,1,1,1,1,1,0,0,0,0,0,0
ALIEN1SIZE DW 22
ALIEN1X DW
ALIEN1Y DW
.CODE
PROC MAIN
MOV AX, @DATA
MOV DS , AX

MOV AH,0
MOV AL,13H
INT 10H

MOV SI,-1
START:
INC SI
CMP ALIEN1SIZE,SI
JE FINISH
CMP ALIEN1[SI],0
JE START
PUSH BX
MOV AH,0cH
MOV AL , 1001b
MOV BH,0
MOV CX, ALIEN2Y
MOV DX, ALIEN1Y
INT 10H
JMP START
FINISH:
MOV AH,1H
INT 21H
MOV AH,4CH
INT 21H





ENDP MAIN
END MAIN
